Sutlej 33 58 59 28 76 55 10 62 53
Ganga 30 54 71 2 21 53 6 5 22
Sharda 29 44 55 16 66 53 11 5 21
Girija 31 54 58 34 28 53 8 5 23
Jhelum 28 34 61 15 41 66 9 4 23
Jamuna 26 36 71 3 25 62 15 6 23
Bhargavi 29 41 71 36 19 61 9 4 23
Mandovi 51 32 64 28 15 54 8 4 23
Terna 28 39 59 14 52 59 6 4 23
Purna 37 37 55 17 30 57 7 25 24
Savitri 41 36 45 16 39 56 9 25 23
Chenab 35 40 50 17 21 54 11 25 23
Ulhas 34 25 61 16 26 49 9 36 22
Vaitarna 35 25 59 15 19 51 9 36 22
Tansa 34 26 57 13 19 52 8 36 25
Kamini 23 28 46 12 19 52 7 39 25
Bhaga - - - 3 57 - - -
