abc1,150,0,0,149,0,0,0,0,200,0,0,0,0,0,0,0
abc2,NQKE,300,0,0,0,0,0,0,0,0,0,0,0,0,0,0
abc3,168,165,0,0,0,0,0,0,0,0,0,0,0,0,0,0
abc4,0,0,0,0,0,0,0,190,0,0,0,0,0,0,0,0
abc5,0,0,0,0,0,0,0,0,0,0,0,0,0,0,0,0
abc6,0,0,0,0,0,0,0,500,0,0,0,0,0,0,0
abc7,0,0,0,0,0,0,0,0,0,0,0,0,0,0,0,0
abc8,0,0,0,0,0,0,0,0,0,0,0,0,0,0,0
abc9,0,0,0,0,0,0,0,0,0,0,0,0,0,0,0
abc10,0,0,0,0,0,0,0,0,0,300,0,0,0,0,0
abc11,0,0,0,0,0,0,0,0,0,0,0,0,0,0,0
abc12,0,0,0,0,0,0,0,0,0,0,0,0,0,0,0
abc13,0,0,0,0,0,0,0,0,0,0,0,0,0,0,0
abc14,0,0,0,0,0,0,0,0,0,0,0,0,0,0,0
abc15,0,0,0,0,0,0,0,NQKE,0,0,0,0,0,0,0
abc16,0,0,0,0,0,0,0,0,0,0,0,0,0,0,0
abc17,0,0,0,0,0,0,777,0,0,0,0,0,0,0
abc18,0,0,0,0,0,0,0,0,0,0,0,0,0,0,0
